         1          1          0
         1          1          3
         1          1          5
         2          2          0
         2          2          3
         2          2          7
         2          2          8
         2          2          9
         3          3          7
         3          3          8
         3          3          9
         4          4          4
         4          4          8
         4          4          9
         5          5          2
         5          5          4
         5          5          5
         5          5          6
         5          5          8
         6          6          0
         6          6          9
         7          7          1
         7          7          3
         7          7          4
         7          7          9
         8          8          0
         8          8          3
         8          8          5
         8          8          7
         8          8          8
         8          8          9
         9          9          3
         9          9          6
        10         10          3
        10         10          8